Acerola;32;0.3;0.4;1.1;8;7.0
Ackee;151;15.0;2.9;3.0;5;1.0
African Cucumber;45;0.3;1.2;2.0;10;8.0
Apple;52;0.2;0.3;2.4;14;10.0
Apricot;48;0.4;1.4;2.0;11;9.0
Avocado;160;15.0;2.0;7.0;9;0.7
Banana;89;0.3;1.1;2.6;23;12.0
Blackberry;43;0.5;1.4;5.3;10;4.9
Blueberry;57;0.3;0.7;2.4;14;10.0
Boysenberry;50;0.4;1.4;5.3;12;7.0
Cantaloupe;34;0.2;0.8;0.9;8;7.9
Cherimoya;75;0.7;1.6;3.0;18;13.0
Cherry;63;0.2;1.1;2.1;16;13.0
Clementine;47;0.1;0.9;1.7;12;9.0
Coconut Meat;354;33.0;3.3;9.0;15;6.2
Cranberry;46;0.1;0.4;3.6;12;4.0
Custard Apple;94;0.3;2.1;2.4;24;19.0
Date;282;0.4;2.5;8.0;75;63.0
Dragon Fruit;50;0.1;1.1;3.0;11;9.0
Durian;147;5.3;1.5;3.8;27;13.0
Elderberry;73;0.5;0.7;7.0;18;0.0
Feijoa;55;0.6;0.6;6.4;13;8.0
Fig;74;0.3;0.8;2.9;19;16.0
Goji Berry;349;0.4;14.3;13.0;77;45.0
Grapefruit;42;0.1;0.8;1.6;11;7.0
Grape;69;0.2;0.7;0.9;18;15.0
Guava;68;1.0;2.6;5.4;14;9.0
Honeydew Melon;36;0.1;0.5;0.8;9;8.0
Jackfruit;95;0.6;1.7;1.5;23;19.0
Jujube;79;0.2;1.2;2.6;20;10.0
Kiwifruit;61;0.5;1.1;3.0;15;9.0
Kumquat;71;0.9;1.9;6.5;16;9.0
Lemon;29;0.3;1.1;2.8;9;2.5
Lime;30;0.2;0.7;2.8;11;1.7
Lychee;66;0.4;0.8;1.3;17;15.0
Mango;60;0.4;0.8;1.6;15;14.0
Mulberry;43;0.4;1.4;1.7;10;8.0
Nectarine;44;0.3;1.1;1.7;11;8.0
Orange;47;0.1;0.9;2.4;12;9.0
Papaya;43;0.3;0.5;1.7;11;5.9
Passion Fruit;97;0.4;2.2;10.0;23;11.0
Peach;39;0.3;0.9;1.5;10;8.0
Pear;57;0.1;0.4;3.1;15;10.0
Persimmon;70;0.2;0.6;3.6;18;13.0
Pineapple;50;0.1;0.5;1.4;13;10.0
Plum;46;0.3;0.7;1.4;11;9.0
Pomegranate;83;1.2;1.7;4.0;19;14.0
Raspberry;52;0.7;1.2;6.5;12;4.4
Red Currant;56;0.2;1.4;4.3;13;7.4
Starfruit;31;0.3;1.0;2.8;7;4.0
Strawberry;32;0.3;0.7;2.0;8;4.9
Tamarind;239;0.6;2.8;5.1;63;38.0
Watermelon;30;0.2;0.6;0.4;8;6.0
Abiu;95;1.0;1.5;1.7;23;14.0
Ambarella;41;0.3;0.5;2.0;10;8.0
Araza;56;0.4;1.2;3.1;13;9.0
Babaco;21;0.1;0.5;1.0;5;3.0
Bacupari;62;0.4;1.1;1.8;15;9.0
Barbadine;74;0.5;1.3;2.0;17;12.0
Bilberry;44;0.4;0.7;2.8;11;7.0
Blackcurrant;63;0.4;1.4;5.0;15;7.0
Breadfruit;103;0.2;1.0;4.9;27;11.0
Buddha's Hand;40;0.1;1.0;5.8;9;2.0
Cempedak;116;0.4;2.0;1.5;27;23.0
Cloudberry;51;0.8;2.4;6.0;10;4.0
Cupuacu;59;0.5;1.2;3.9;13;8.0
Duku;57;0.2;1.0;1.6;14;10.0
Eggfruit;139;0.6;1.8;2.3;36;22.0
Elephant Apple;42;0.3;0.7;3.0;10;6.0
Gac Fruit;70;0.4;1.6;2.7;15;7.0
Genip;63;0.2;0.8;2.0;16;13.0
Hog Plum;58;0.3;0.9;1.9;14;10.0
Imbu;53;0.2;0.6;1.5;12;8.0
Indian Gooseberry;44;0.6;1.3;3.4;10;5.0
Indian Fig;41;0.5;0.6;3.0;11;7.0
Jabuticaba;58;0.6;1.0;2.3;16;10.0
Lanzones;57;0.2;1.0;2.1;14;9.0
Langsat;55;0.2;0.9;1.8;13;8.0
Lucuma;99;0.3;1.4;2.2;25;12.0
Mamoncillo;58;0.2;0.8;1.5;15;11.0
Marang;106;0.5;2.1;2.0;26;21.0
Medlar;47;0.4;0.6;2.1;12;9.0
Miracle Fruit;20;0.2;0.4;2.0;4;1.0
Monstera Deliciosa;98;0.3;1.0;2.0;24;19.0
Mountain Soursop;78;0.3;1.7;3.2;19;13.0
Naranjilla;43;0.2;0.6;1.4;11;7.0
Olallieberry;49;0.4;1.2;5.0;12;6.0
Peumo;65;0.3;1.1;2.4;16;10.0
Pitanga;32;0.4;0.6;2.3;8;5.0
Rambutan;68;0.2;0.9;0.9;17;13.0
Rose Apple;25;0.3;0.6;1.0;6;5.0
Safou;80;3.5;1.2;2.5;10;5.0
Salak;82;0.4;0.6;2.6;22;18.0
Santol;60;0.5;1.0;2.2;14;10.0
Sapodilla;83;1.1;0.4;5.3;20;14.0
Soursop;66;0.3;1.0;3.3;17;14.0
Surinam Cherry;32;0.4;0.5;2.8;7;4.0
White Currant;56;0.2;1.4;4.0;13;6.0
Yunnan Hackberry;76;0.5;1.1;3.5;18;13.0
Artichoke;47;0.2;3.3;5.4;11;1.0
Arugula;25;0.7;2.6;1.6;4;2.1
Asparagus;20;0.1;2.2;2.1;4;1.9
Bamboo Shoots;27;0.3;2.6;2.2;5;3.0
Beetroot;43;0.2;1.6;2.8;10;6.8
Bok Choy;13;0.2;1.5;1.0;2;1.2
Broccoli;35;0.4;2.8;2.6;7;1.7
Brussels Sprouts;43;0.3;3.4;3.8;9;2.2
Cabbage;25;0.1;1.3;2.5;6;3.2
Carrot;41;0.2;0.9;2.8;10;4.7
Cauliflower;25;0.3;1.9;2.0;5;1.9
Celery;16;0.2;0.7;1.6;3;1.3
Chard;19;0.2;1.8;1.6;4;1.1
Chayote;19;0.1;0.8;1.7;5;1.7
Collard Greens;32;0.6;3.0;4.0;5;0.5
Corn;86;1.4;3.3;2.0;19;6.3
Cucumber;15;0.1;0.7;0.5;4;1.7
Daikon Radish;18;0.1;0.6;1.6;4;2.5
Dandelion Greens;45;0.7;2.7;3.5;9;0.7
Eggplant;25;0.2;1.0;3.0;6;3.5
Endive;17;0.2;1.3;3.1;3;0.3
Fennel;31;0.2;1.2;3.1;7;3.9
Green Beans;31;0.2;1.8;2.7;7;3.3
Jicama;38;0.1;0.7;4.9;9;1.8
Kale;49;0.9;4.3;3.6;9;2.3
Kohlrabi;27;0.1;1.7;3.6;6;2.6
Leek;61;0.3;1.5;1.8;14;3.9
Lettuce;15;0.2;1.4;1.3;3;0.8
Mushroom White;22;0.3;3.1;1.0;3;2.0
Mushroom Shiitake;34;0.5;2.2;2.5;7;2.4
Mustard Greens;27;0.4;2.9;3.2;5;1.3
Okra;33;0.2;1.9;3.2;7;1.5
Onion;40;0.1;1.1;1.7;9;4.2
Parsnip;75;0.3;1.2;4.9;18;4.8
Peas Green;81;0.4;5.4;5.7;14;5.7
Pepper Bell;27;0.2;1.0;2.1;6;4.2
Potato;77;0.1;2.1;2.2;17;0.8
Pumpkin;26;0.1;1.0;0.5;7;2.8
Radish;16;0.1;0.7;1.6;3;1.9
Radicchio;23;0.3;1.4;0.9;4;0.6
Rutabaga;37;0.2;1.1;2.3;9;4.5
Spinach;23;0.4;2.9;2.2;4;0.4
Squash Butternut;45;0.1;1.0;2.0;12;2.2
Sweet Potato;86;0.1;1.6;3.0;20;4.2
Taro;112;0.2;1.5;4.1;27;0.4
Turnip;28;0.1;0.9;1.8;6;3.8
Watercress;11;0.1;2.3;0.5;1;0.2
Yam;118;0.2;1.5;4.1;28;0.5
Zucchini;17;0.3;1.2;1.0;3;2.5
Alfalfa Sprouts;23;0.7;4.0;1.9;2;0.2
Amaranth Leaves;23;0.3;2.5;2.1;4;0.5
Bitter Melon;17;0.2;1.0;2.8;3;1.0
Burdock Root;72;0.2;1.5;3.3;17;2.9
Celeriac;42;0.3;1.5;1.8;9;1.6
Chicory;23;0.3;1.7;4.0;4;0.7
Fiddlehead Ferns;34;0.4;4.6;3.7;6;0.0
Hearts of Palm;115;0.2;2.7;1.5;26;17.0
Jerusalem Artichoke;73;0.0;2.0;1.6;17;9.6
Lotus Root;74;0.1;2.6;4.9;17;0.0
Mung Bean Sprouts;30;0.2;3.0;1.8;6;4.1
Nopales;16;0.1;1.3;2.2;3;1.1
Purslane;20;0.4;2.0;1.3;3;0.8
Salsify;82;0.2;3.3;3.3;19;3.0
Seaweed Wakame;45;0.6;3.0;0.5;9;0.7
Shallot;72;0.1;2.5;3.2;17;7.9
Snow Peas;42;0.2;2.8;2.6;7;4.0
Sorrel;22;0.7;2.0;2.9;3;0.0
Tomatillo;32;1.0;1.0;1.9;6;3.9
Turnip Greens;32;0.3;1.5;3.2;7;0.8
Water Spinach;19;0.2;2.6;2.1;3;0.4
Butter;717;81.1;0.9;0.0;0.1;0.1
Cheddar Cheese;403;33.3;22.9;0.0;3.1;0.5
Mozzarella Cheese;300;22.4;22.2;0.0;2.2;1.0
Parmesan Cheese;431;28.6;38.5;0.0;4.1;0.9
Gouda Cheese;356;27.4;24.9;0.0;2.2;2.2
Brie Cheese;334;27.7;20.8;0.0;0.5;0.5
Camembert Cheese;300;24.3;19.8;0.0;0.5;0.5
Feta Cheese;264;21.3;14.2;0.0;4.1;4.1
Blue Cheese;353;28.7;21.4;0.0;2.3;0.5
Ricotta Cheese;174;13.0;11.3;0.0;3.0;0.3
Cream Cheese;342;34.2;6.2;0.0;4.1;3.8
Cottage Cheese;98;4.3;11.1;0.0;2.7;2.7
Greek Yogurt;73;1.9;9.0;0.0;4.0;3.2
Plain Yogurt;61;3.3;3.5;0.0;4.7;4.7
Milk Whole;61;3.3;3.2;0.0;4.8;5.1
Milk Skim;34;0.1;3.4;0.0;5.0;5.0
Milk Low Fat;50;1.0;3.3;0.0;5.0;5.2
Heavy Cream;345;36.1;2.8;0.0;2.9;2.9
Sour Cream;193;19.4;2.1;0.0;4.6;3.4
Buttermilk;40;1.1;3.3;0.0;4.8;4.8
Condensed Milk Sweetened;321;8.7;7.9;0.0;54.4;54.4
Evaporated Milk;134;7.6;6.8;0.0;10.0;10.0
Goat Milk;69;4.1;3.6;0.0;4.5;4.5
Goat Cheese Soft;268;21.1;18.5;0.0;0.9;0.9
Kefir;55;2.0;3.8;0.0;4.5;4.5
Whey Protein Powder;352;1.8;78.1;0.0;6.3;6.3
Ice Cream Vanilla;207;11.0;3.5;0.0;23.6;21.2
Clotted Cream;586;63.5;1.6;0.0;2.3;2.3
Quark;67;0.2;12.0;0.0;3.5;3.5
Paneer;265;20.8;18.3;0.0;1.2;1.2
Halloumi Cheese;321;24.6;22.1;0.0;2.2;2.0
Mascarpone Cheese;429;42.9;3.5;0.0;3.6;3.6
Provolone Cheese;351;26.6;25.6;0.0;2.1;0.6
Swiss Cheese;393;31.0;27.0;0.0;1.4;0.0
Monterey Jack Cheese;373;30.3;24.5;0.0;0.7;0.5
Colby Cheese;394;32.1;23.8;0.0;2.6;0.5
Edam Cheese;357;27.8;24.9;0.0;1.4;1.4
Havarti Cheese;371;29.7;23.2;0.0;0.5;0.0
Romano Cheese;387;26.9;31.8;0.0;3.6;0.7
Ghee;876;99.5;0.3;0.0;0.0;0.0
Skyr;65;0.2;11.0;0.0;4.0;3.0
Labneh;117;10.0;6.0;0.0;3.5;3.5
Milk Powder Whole;496;26.7;26.3;0.0;38.4;38.4
Milk Powder Skim;362;0.8;36.2;0.0;52.0;52.0
Cheshire Cheese;387;30.6;23.4;0.0;4.8;0.0
Manchego Cheese;395;32.0;25.0;0.0;0.5;0.0
